22 0.929356 0.720052 0.075403 0.138021
22 0.288433 0.777995 0.076135 0.128906
20 0.577599 0.505208 0.086384 0.078125
22 0.922401 0.386068 0.076135 0.136719
18 0.431552 0.382161 0.114934 0.131510
20 0.189605 0.521484 0.083455 0.123698
23 0.739751 0.425781 0.054905 0.088542
20 0.176061 0.841146 0.079795 0.091146
0 0.676061 0.664062 0.057833 0.109375
18 0.811859 0.607422 0.117130 0.162760
1 0.430088 0.833333 0.094436 0.182292
25 0.045022 0.671875 0.063690 0.085938
18 0.423499 0.595703 0.107613 0.115885
21 0.101025 0.257161 0.039531 0.082031
18 0.297218 0.216797 0.121523 0.121094
23 0.538433 0.412760 0.051977 0.080729
25 0.127379 0.743490 0.049780 0.070312
16 0.814788 0.793620 0.019034 0.058594
18 0.739385 0.912760 0.114202 0.130208
21 0.090776 0.546875 0.033675 0.065104
24 0.609444 0.320964 0.068082 0.123698
19 0.157394 0.384766 0.086384 0.076823
22 0.808931 0.249349 0.077599 0.139323
24 0.553075 0.696615 0.069546 0.130208
1 0.274890 0.626953 0.051977 0.118490
20 0.534773 0.895833 0.090044 0.083333
20 0.683016 0.788411 0.081991 0.087240
25 0.036237 0.279297 0.051977 0.069010
21 0.019034 0.384115 0.036603 0.057292
19 0.941435 0.888672 0.087848 0.079427
16 0.115666 0.175781 0.026354 0.044271
19 0.606149 0.198568 0.086384 0.087240
24 0.094436 0.877604 0.065886 0.122396
25 0.173865 0.279297 0.071010 0.102865
19 0.486091 0.192057 0.073206 0.084635
17 0.272694 0.949219 0.076867 0.044271
24 0.706442 0.268229 0.065886 0.114583
23 0.693997 0.549479 0.045388 0.088542
24 0.311127 0.404948 0.065886 0.114583
1 0.938507 0.218099 0.045388 0.108073
16 0.014641 0.894531 0.023426 0.041667
23 0.113104 0.639974 0.056369 0.089844
16 0.553441 0.292318 0.029283 0.045573
17 0.043924 0.468099 0.077599 0.045573
17 0.942899 0.615885 0.077599 0.046875
17 0.834919 0.385417 0.082723 0.075521
25 0.281479 0.515625 0.049048 0.070312
21 0.644949 0.914062 0.035139 0.057292
23 0.413616 0.239583 0.043924 0.085938
1 0.203514 0.689453 0.048316 0.113281
17 0.360542 0.960286 0.072474 0.045573
21 0.961933 0.514974 0.035139 0.058594
17 0.430454 0.690755 0.073206 0.045573
