19 0.526354 0.358073 0.074671 0.088542
22 0.251830 0.757161 0.074671 0.134115
23 0.662152 0.380859 0.053441 0.084635
25 0.933016 0.280599 0.069546 0.100260
18 0.785139 0.908203 0.112006 0.126302
22 0.560029 0.883464 0.074671 0.134115
18 0.850659 0.695964 0.114202 0.123698
21 0.139458 0.427083 0.037335 0.057292
22 0.941435 0.543620 0.077599 0.131510
23 0.770132 0.250000 0.057101 0.091146
22 0.441801 0.690104 0.075403 0.138021
18 0.216691 0.567708 0.120059 0.119792
24 0.438141 0.856120 0.068082 0.126302
19 0.109444 0.529948 0.076867 0.088542
0 0.236823 0.347005 0.059297 0.113281
21 0.560029 0.527344 0.036603 0.059896
20 0.122621 0.870443 0.079795 0.118490
18 0.360176 0.281250 0.114202 0.158854
1 0.366398 0.543620 0.049048 0.110677
25 0.119327 0.197266 0.052709 0.071615
17 0.673499 0.296224 0.079063 0.045573
1 0.506955 0.501953 0.046120 0.108073
25 0.673133 0.692708 0.063690 0.085938
19 0.808199 0.456380 0.079063 0.095052
19 0.958638 0.688802 0.075403 0.093750
16 0.117862 0.653646 0.027818 0.041667
16 0.583821 0.725911 0.019766 0.061198
25 0.855417 0.285807 0.051977 0.069010
22 0.662152 0.567057 0.072474 0.131510
21 0.652635 0.795573 0.038799 0.080729
23 0.759883 0.583333 0.049780 0.078125
17 0.890922 0.832682 0.076135 0.045573
23 0.489019 0.255208 0.043924 0.085938
17 0.058931 0.716146 0.073939 0.046875
19 0.342606 0.430339 0.090776 0.082031
16 0.282943 0.251302 0.024158 0.041667
17 0.351757 0.671224 0.084187 0.076823
24 0.347365 0.852865 0.066618 0.114583
25 0.839312 0.585286 0.050512 0.071615
24 0.250000 0.915365 0.071010 0.132812
23 0.454978 0.435547 0.044656 0.087240
20 0.060029 0.371094 0.084919 0.078125
20 0.942899 0.388672 0.076135 0.087240
19 0.548316 0.635417 0.081991 0.083333
24 0.750366 0.730469 0.065886 0.114583
0 0.599561 0.214193 0.049780 0.115885
23 0.141654 0.744141 0.047584 0.092448
19 0.912884 0.917969 0.090776 0.080729
17 0.401903 0.963542 0.076135 0.044271
20 0.651903 0.932292 0.084187 0.091146
16 0.551245 0.193359 0.026354 0.042969
17 0.159590 0.324219 0.074671 0.046875
25 0.727672 0.437500 0.049780 0.072917
21 0.831259 0.197266 0.034407 0.066406
21 0.203514 0.216146 0.035139 0.057292
24 0.034773 0.922526 0.065154 0.118490
