18 0.930088 0.494792 0.109078 0.151042
24 0.517204 0.525391 0.069546 0.121094
1 0.166911 0.789714 0.098097 0.188802
18 0.217423 0.503906 0.118594 0.135417
20 0.328331 0.880208 0.088580 0.085938
0 0.547950 0.815755 0.091508 0.175781
23 0.752196 0.685547 0.043192 0.084635
25 0.867130 0.936849 0.051977 0.069010
1 0.390922 0.565755 0.052709 0.118490
19 0.722914 0.449870 0.079795 0.095052
19 0.066252 0.276693 0.090044 0.079427
24 0.826501 0.679036 0.065886 0.113281
24 0.866398 0.300781 0.066618 0.122396
20 0.175329 0.234375 0.079795 0.085938
24 0.344436 0.291667 0.065154 0.119792
25 0.783675 0.564453 0.062225 0.087240
25 0.050146 0.697917 0.049048 0.070312
1 0.579429 0.254557 0.047584 0.110677
17 0.455710 0.204427 0.075403 0.044271
16 0.259151 0.701172 0.027818 0.042969
19 0.655564 0.608073 0.072474 0.083333
19 0.438507 0.292969 0.089312 0.080729
17 0.777086 0.779297 0.079795 0.045573
22 0.677160 0.292318 0.076135 0.136719
22 0.049414 0.514323 0.075403 0.138021
20 0.769766 0.266276 0.091508 0.082031
19 0.610908 0.441406 0.082723 0.083333
20 0.546486 0.649089 0.081259 0.095052
24 0.316984 0.759766 0.067350 0.126302
23 0.328331 0.603516 0.047584 0.092448
17 0.450220 0.400391 0.081991 0.074219
25 0.031845 0.840495 0.051977 0.069010
21 0.961933 0.644531 0.038067 0.062500
23 0.971449 0.861328 0.049780 0.079427
20 0.644583 0.765625 0.076867 0.088542
19 0.441435 0.876302 0.070278 0.085938
18 0.757687 0.916016 0.124451 0.123698
20 0.232430 0.358724 0.084187 0.123698
17 0.117496 0.359375 0.081259 0.046875
25 0.929722 0.738932 0.062958 0.084635
18 0.429356 0.711589 0.119327 0.136719
21 0.091874 0.841797 0.034407 0.055990
1 0.247438 0.886719 0.045388 0.106771
17 0.816618 0.184896 0.073939 0.046875
16 0.947291 0.317057 0.019034 0.058594
16 0.669473 0.185547 0.027086 0.045573
1 0.527818 0.395182 0.057101 0.108073
20 0.958272 0.206380 0.076135 0.087240
20 0.177526 0.638672 0.088580 0.082031
17 0.045754 0.174479 0.071010 0.044271
16 0.174597 0.953776 0.025622 0.045573
21 0.911054 0.839193 0.034407 0.066406
25 0.121523 0.471354 0.048316 0.070312
23 0.849195 0.837891 0.045388 0.089844
21 0.633968 0.886068 0.039531 0.082031
