18 0.276354 0.446615 0.120791 0.119792
20 0.471083 0.292969 0.082723 0.122396
22 0.105417 0.356120 0.073206 0.131510
19 0.339312 0.626302 0.084187 0.085938
20 0.196559 0.579427 0.085652 0.083333
18 0.778184 0.718750 0.108346 0.151042
24 0.803807 0.400391 0.065886 0.121094
18 0.158126 0.876302 0.115666 0.132812
1 0.379941 0.327474 0.046852 0.110677
24 0.260615 0.832031 0.067350 0.117188
20 0.071376 0.567708 0.084187 0.091146
20 0.558931 0.546875 0.079795 0.091146
25 0.921669 0.688802 0.067350 0.091146
16 0.759151 0.835938 0.024890 0.044271
19 0.680454 0.539062 0.072474 0.083333
1 0.715593 0.322917 0.094436 0.182292
19 0.536603 0.887370 0.084919 0.076823
19 0.469619 0.589844 0.075403 0.093750
25 0.598097 0.293620 0.054173 0.071615
18 0.110908 0.738932 0.107613 0.115885
23 0.884700 0.495443 0.043192 0.084635
21 0.245974 0.333333 0.038067 0.078125
20 0.195095 0.195312 0.075403 0.085938
23 0.810029 0.851562 0.054905 0.088542
21 0.952782 0.229818 0.037335 0.061198
16 0.296486 0.305990 0.026354 0.044271
25 0.534407 0.776693 0.048316 0.069010
22 0.052709 0.896484 0.074671 0.134115
16 0.857980 0.758464 0.027818 0.042969
1 0.961933 0.564453 0.057101 0.108073
1 0.657760 0.865885 0.047584 0.111979
22 0.461201 0.740885 0.077599 0.140625
24 0.648609 0.679688 0.065886 0.122396
17 0.354685 0.219401 0.078331 0.045573
19 0.565154 0.397786 0.086384 0.076823
25 0.181186 0.380859 0.051977 0.069010
22 0.811859 0.237630 0.077599 0.131510
24 0.376281 0.896484 0.067350 0.126302
19 0.917643 0.886068 0.079795 0.095052
17 0.913250 0.303385 0.073939 0.046875
1 0.481332 0.438802 0.051977 0.117188
21 0.639458 0.401693 0.035871 0.055990
25 0.575403 0.671224 0.061493 0.087240
23 0.221816 0.714844 0.043924 0.085938
21 0.393485 0.511068 0.032943 0.063802
17 0.097731 0.211589 0.084187 0.076823
17 0.358712 0.712891 0.073206 0.045573
25 0.458638 0.897135 0.049048 0.070312
20 0.940337 0.382812 0.087116 0.080729
21 0.825403 0.519531 0.035871 0.057292
16 0.255857 0.242188 0.018302 0.057292
23 0.031113 0.431641 0.047584 0.092448
23 0.629941 0.203125 0.053441 0.083333
17 0.793192 0.964193 0.076867 0.042969
17 0.483163 0.180990 0.073206 0.044271
