1 0.146047 0.444010 0.095900 0.187500
18 0.911054 0.667969 0.119327 0.135417
22 0.869327 0.829427 0.075403 0.138021
20 0.698389 0.658203 0.081991 0.095052
24 0.494876 0.224609 0.070278 0.121094
18 0.462665 0.794271 0.114202 0.130208
25 0.661054 0.814453 0.065886 0.095052
19 0.931186 0.399740 0.080527 0.096354
23 0.244876 0.370443 0.053441 0.084635
20 0.622621 0.335286 0.087116 0.079427
25 0.073572 0.703125 0.065154 0.091146
22 0.093704 0.220703 0.076135 0.136719
23 0.699122 0.535156 0.042460 0.083333
21 0.842606 0.458984 0.035139 0.055990
0 0.444363 0.398438 0.049780 0.111979
17 0.190703 0.740885 0.078331 0.044271
19 0.868594 0.241536 0.073939 0.084635
20 0.400439 0.557943 0.077599 0.089844
19 0.086384 0.589844 0.090776 0.080729
25 0.963031 0.787109 0.051977 0.074219
20 0.291362 0.878906 0.089312 0.085938
18 0.337848 0.439453 0.116398 0.115885
23 0.723280 0.393229 0.045388 0.088542
24 0.581991 0.598958 0.068814 0.127604
20 0.792094 0.645833 0.077599 0.088542
19 0.204246 0.659505 0.087848 0.079427
20 0.756589 0.866536 0.088580 0.082031
18 0.222548 0.241536 0.112738 0.128906
23 0.939605 0.509115 0.053441 0.085938
17 0.291362 0.761719 0.080527 0.072917
23 0.043192 0.382161 0.054173 0.084635
17 0.670937 0.207031 0.081259 0.046875
16 0.015373 0.643880 0.027818 0.042969
1 0.559663 0.870443 0.046120 0.108073
24 0.386530 0.214193 0.068814 0.128906
0 0.768302 0.526693 0.059297 0.113281
22 0.533309 0.427083 0.073939 0.132812
19 0.770498 0.209635 0.082723 0.083333
16 0.307467 0.250651 0.019034 0.058594
21 0.028917 0.800130 0.032943 0.063802
21 0.788799 0.395182 0.038799 0.079427
17 0.619693 0.475260 0.071010 0.044271
25 0.105783 0.841146 0.050512 0.070312
20 0.373719 0.662109 0.082723 0.089844
1 0.486823 0.653646 0.045388 0.106771
22 0.176794 0.842448 0.078331 0.132812
16 0.702050 0.311849 0.024890 0.042969
19 0.958272 0.196615 0.074671 0.093750
25 0.957540 0.302734 0.054173 0.071615
25 0.946559 0.884766 0.054173 0.071615
17 0.106881 0.958333 0.073206 0.044271
21 0.306735 0.562500 0.036603 0.057292
21 0.252196 0.486328 0.037335 0.061198
25 0.378477 0.932292 0.062958 0.085938
16 0.381772 0.764974 0.025622 0.042969
17 0.769034 0.951172 0.069546 0.042969
