0 0.152269 0.593099 0.092240 0.178385
18 0.878111 0.875651 0.114934 0.160156
19 0.946559 0.560547 0.086384 0.087240
22 0.106515 0.409505 0.076867 0.139323
22 0.872621 0.297526 0.073206 0.131510
22 0.413250 0.286458 0.078331 0.143229
25 0.421303 0.495443 0.062225 0.087240
1 0.076501 0.800781 0.095900 0.187500
24 0.293192 0.604167 0.068082 0.127604
19 0.622987 0.693359 0.089312 0.079427
17 0.196193 0.945312 0.080527 0.046875
0 0.484627 0.507161 0.048316 0.113281
16 0.073939 0.519531 0.026354 0.041667
24 0.837116 0.625651 0.065154 0.113281
23 0.609078 0.858073 0.042460 0.083333
17 0.259883 0.729167 0.073206 0.044271
20 0.736091 0.266927 0.076867 0.088542
19 0.625549 0.415365 0.075403 0.091146
19 0.455344 0.905599 0.087848 0.079427
0 0.598829 0.541667 0.046852 0.109375
20 0.821742 0.433594 0.081259 0.085938
17 0.223646 0.253906 0.082723 0.075521
21 0.177160 0.768229 0.036603 0.059896
19 0.550512 0.223958 0.076135 0.091146
18 0.340044 0.911458 0.120791 0.119792
23 0.380673 0.759115 0.055637 0.088542
18 0.267936 0.384766 0.115666 0.131510
25 0.382138 0.627604 0.062958 0.085938
18 0.733529 0.863281 0.118594 0.135417
25 0.120059 0.268880 0.052709 0.071615
1 0.509883 0.630859 0.054905 0.105469
23 0.754026 0.556641 0.052709 0.084635
20 0.486457 0.778646 0.091508 0.088542
24 0.719619 0.725911 0.065886 0.113281
25 0.027818 0.368490 0.049780 0.070312
22 0.675695 0.542318 0.073206 0.131510
17 0.296120 0.487630 0.069546 0.042969
19 0.539898 0.373047 0.073939 0.084635
21 0.169839 0.369792 0.033675 0.065104
25 0.057101 0.222005 0.051245 0.074219
21 0.896047 0.733073 0.035139 0.054688
16 0.648609 0.306641 0.029283 0.042969
16 0.250732 0.865234 0.025622 0.045573
21 0.067350 0.664062 0.035139 0.057292
23 0.971083 0.276693 0.043192 0.084635
17 0.918375 0.655599 0.078331 0.045573
21 0.748170 0.434245 0.038067 0.079427
16 0.355051 0.468099 0.019034 0.058594
23 0.650805 0.207682 0.048316 0.095052
17 0.734261 0.360677 0.071742 0.044271
25 0.941069 0.430990 0.068082 0.098958
25 0.809297 0.744141 0.051977 0.069010
