25 0.736457 0.590495 0.067350 0.097656
18 0.492313 0.728516 0.119327 0.136719
22 0.684480 0.352214 0.073206 0.131510
24 0.181918 0.652995 0.065154 0.113281
19 0.556369 0.369792 0.074671 0.088542
24 0.416179 0.559896 0.071010 0.132812
23 0.473646 0.895833 0.048316 0.093750
24 0.603587 0.213542 0.069546 0.127604
0 0.951684 0.317057 0.048316 0.113281
22 0.903734 0.559896 0.076867 0.130208
1 0.867496 0.750000 0.093704 0.182292
18 0.073206 0.518880 0.114202 0.123698
16 0.145681 0.414714 0.024890 0.042969
18 0.571376 0.512370 0.107613 0.149740
25 0.268668 0.284505 0.052709 0.071615
21 0.393851 0.276042 0.036603 0.059896
20 0.854685 0.917969 0.088580 0.080729
25 0.686310 0.939453 0.051977 0.069010
25 0.140190 0.297526 0.051977 0.074219
23 0.315154 0.724609 0.043192 0.084635
18 0.863104 0.234375 0.114202 0.130208
25 0.586384 0.638021 0.051245 0.072917
20 0.058931 0.723307 0.084187 0.123698
21 0.290264 0.386068 0.037335 0.058594
16 0.370059 0.436198 0.027086 0.044271
23 0.346633 0.576823 0.054905 0.088542
17 0.441435 0.443359 0.071742 0.042969
16 0.686310 0.502604 0.028551 0.044271
17 0.280747 0.204427 0.076867 0.044271
17 0.428624 0.355469 0.072474 0.044271
25 0.596266 0.798828 0.063690 0.089844
20 0.235725 0.825521 0.074671 0.085938
23 0.105783 0.900391 0.043192 0.084635
25 0.746340 0.815755 0.066618 0.089844
20 0.860908 0.408203 0.077599 0.089844
24 0.366398 0.889323 0.065154 0.119792
20 0.266471 0.929036 0.089312 0.087240
21 0.074305 0.274089 0.032943 0.063802
24 0.774890 0.436198 0.066618 0.114583
16 0.229868 0.544922 0.019034 0.055990
19 0.058931 0.379557 0.081259 0.097656
23 0.969619 0.838542 0.051977 0.080729
1 0.539531 0.912109 0.057101 0.108073
21 0.520132 0.258464 0.035871 0.058594
17 0.958638 0.452474 0.079795 0.045573
0 0.213031 0.408854 0.051245 0.114583
17 0.699488 0.238932 0.079795 0.071615
20 0.691069 0.707031 0.077599 0.091146
21 0.293192 0.585286 0.038799 0.079427
17 0.823939 0.621094 0.069546 0.044271
