18 0.603587 0.728516 0.110542 0.118490
19 0.948389 0.220052 0.087116 0.078125
19 0.327965 0.440755 0.074671 0.092448
18 0.821010 0.332031 0.119327 0.135417
20 0.112738 0.856120 0.081991 0.087240
25 0.213763 0.288411 0.062958 0.084635
24 0.034773 0.529948 0.068082 0.127604
22 0.775256 0.541016 0.077599 0.131510
24 0.782211 0.921224 0.065154 0.113281
20 0.372621 0.872396 0.074671 0.085938
20 0.492313 0.360026 0.084187 0.123698
20 0.904100 0.475260 0.080527 0.093750
1 0.209004 0.494792 0.091508 0.177083
22 0.708272 0.322917 0.075403 0.135417
23 0.923133 0.327474 0.054173 0.087240
20 0.582723 0.378255 0.077599 0.089844
16 0.480966 0.188802 0.026354 0.041667
1 0.351391 0.736328 0.048316 0.113281
25 0.932284 0.632812 0.050512 0.070312
19 0.575403 0.235026 0.086384 0.087240
18 0.765007 0.768880 0.111274 0.126302
25 0.864202 0.727214 0.051977 0.069010
19 0.097365 0.743490 0.079063 0.093750
16 0.673499 0.897135 0.023426 0.041667
25 0.638360 0.563151 0.054173 0.071615
23 0.100293 0.296875 0.042460 0.083333
18 0.359078 0.563151 0.120791 0.121094
1 0.522328 0.567708 0.046120 0.109375
19 0.350659 0.235677 0.077599 0.088542
17 0.072474 0.407552 0.079063 0.046875
16 0.445095 0.867188 0.027818 0.041667
24 0.932284 0.884766 0.065154 0.118490
24 0.243411 0.789714 0.066618 0.115885
21 0.064422 0.213542 0.036603 0.059896
23 0.610176 0.908203 0.054905 0.087240
23 0.490117 0.750651 0.044656 0.087240
20 0.818814 0.198568 0.090044 0.087240
21 0.573206 0.522135 0.036603 0.057292
23 0.864568 0.833333 0.048316 0.093750
25 0.422035 0.761068 0.069546 0.100260
20 0.202416 0.662760 0.091508 0.083333
25 0.965959 0.736979 0.060761 0.085938
17 0.232796 0.935547 0.079063 0.071615
22 0.529649 0.899740 0.073939 0.135417
23 0.868594 0.579427 0.053441 0.083333
17 0.057833 0.963542 0.070278 0.044271
21 0.420937 0.384766 0.039531 0.082031
16 0.257687 0.194661 0.019034 0.058594
17 0.602855 0.634766 0.069546 0.042969
1 0.113470 0.566406 0.049780 0.111979
17 0.730966 0.196615 0.072474 0.044271
25 0.698755 0.441406 0.050512 0.072917
21 0.717423 0.951823 0.035139 0.067708
17 0.132138 0.192708 0.076867 0.044271
21 0.858712 0.949219 0.036603 0.059896
