18 0.589312 0.869792 0.109810 0.122396
18 0.308199 0.345052 0.117130 0.132812
18 0.524890 0.492839 0.124451 0.123698
20 0.605417 0.626953 0.090776 0.087240
20 0.637628 0.261719 0.086384 0.080729
18 0.464861 0.256510 0.117130 0.132812
19 0.745242 0.554036 0.079063 0.095052
18 0.856515 0.545573 0.111274 0.119792
19 0.049780 0.345052 0.071742 0.088542
20 0.065154 0.223958 0.092240 0.083333
0 0.430820 0.584635 0.049048 0.114583
19 0.797950 0.379557 0.090776 0.082031
24 0.374817 0.801432 0.071742 0.134115
20 0.083821 0.617839 0.079795 0.118490
25 0.743045 0.867839 0.065886 0.089844
22 0.893851 0.248047 0.074671 0.134115
16 0.263543 0.465495 0.019034 0.058594
19 0.745608 0.750000 0.076867 0.088542
16 0.785505 0.295573 0.026354 0.041667
22 0.511347 0.638021 0.076867 0.140625
19 0.273060 0.712240 0.090776 0.080729
21 0.936676 0.413411 0.037335 0.061198
17 0.613836 0.726562 0.069546 0.044271
25 0.869693 0.949219 0.052709 0.070312
1 0.198023 0.602214 0.046120 0.108073
23 0.868228 0.674479 0.042460 0.083333
20 0.253660 0.916667 0.072474 0.083333
17 0.343704 0.922526 0.072474 0.045573
25 0.130673 0.899089 0.051977 0.074219
20 0.066618 0.792969 0.080527 0.093750
16 0.493777 0.794271 0.030015 0.044271
21 0.096266 0.483073 0.040264 0.083333
25 0.448389 0.875651 0.054905 0.074219
24 0.949854 0.804036 0.068082 0.126302
17 0.159224 0.210938 0.079795 0.046875
16 0.940337 0.914062 0.024158 0.041667
24 0.169107 0.732422 0.067350 0.115885
23 0.669473 0.369141 0.056369 0.089844
25 0.178624 0.305990 0.068814 0.098958
25 0.160322 0.413411 0.061493 0.087240
23 0.232796 0.196615 0.043924 0.085938
0 0.351757 0.552734 0.049048 0.110677
23 0.288067 0.594401 0.047584 0.092448
23 0.955344 0.537109 0.054173 0.084635
20 0.647145 0.519531 0.079063 0.085938
0 0.864202 0.824219 0.059297 0.111979
23 0.585286 0.369141 0.056369 0.089844
17 0.413982 0.424479 0.081259 0.046875
21 0.810395 0.828125 0.033675 0.065104
17 0.299780 0.227865 0.073939 0.044271
25 0.881040 0.385417 0.049048 0.070312
17 0.733895 0.211589 0.084187 0.076823
21 0.675695 0.830078 0.035139 0.055990
21 0.480600 0.956380 0.037335 0.058594
