22 0.247804 0.783854 0.079795 0.135417
1 0.880307 0.379557 0.097365 0.188802
0 0.314788 0.296224 0.092240 0.178385
24 0.699854 0.667969 0.067350 0.117188
24 0.454612 0.511068 0.068814 0.118490
19 0.121889 0.358724 0.076867 0.092448
1 0.603953 0.627604 0.051245 0.114583
18 0.102489 0.733073 0.111274 0.119792
20 0.673499 0.899089 0.080527 0.118490
18 0.095900 0.561849 0.114202 0.157552
22 0.658126 0.229167 0.073206 0.132812
19 0.747804 0.317708 0.088580 0.078125
17 0.617130 0.757812 0.071742 0.044271
17 0.911054 0.827474 0.079795 0.045573
21 0.450586 0.180990 0.032943 0.062500
20 0.135066 0.914062 0.076867 0.088542
16 0.830161 0.708984 0.027818 0.045573
20 0.680088 0.499349 0.077599 0.084635
20 0.435944 0.361979 0.087116 0.080729
25 0.030015 0.211589 0.048316 0.069010
23 0.233163 0.597005 0.056369 0.089844
19 0.441435 0.906901 0.071742 0.089844
23 0.099561 0.213542 0.057101 0.091146
16 0.754392 0.772135 0.028551 0.044271
21 0.889824 0.592448 0.038799 0.080729
18 0.355783 0.673828 0.117130 0.134115
23 0.228038 0.322266 0.043192 0.084635
21 0.523060 0.661458 0.037335 0.057292
24 0.334919 0.468750 0.071010 0.132812
16 0.208272 0.885417 0.024158 0.041667
0 0.745242 0.207682 0.048316 0.113281
22 0.345168 0.890625 0.078331 0.143229
20 0.844802 0.915365 0.083455 0.096354
24 0.035505 0.912109 0.069546 0.126302
20 0.538799 0.883464 0.089312 0.087240
21 0.396047 0.544271 0.035139 0.057292
0 0.521596 0.272135 0.056369 0.106771
23 0.453148 0.755859 0.043924 0.087240
21 0.784041 0.688802 0.036603 0.059896
24 0.774890 0.504557 0.068082 0.126302
23 0.889824 0.201172 0.050512 0.097656
17 0.571742 0.457682 0.081991 0.074219
25 0.229502 0.206380 0.053441 0.071615
23 0.971083 0.702474 0.050512 0.079427
17 0.142020 0.446615 0.073206 0.044271
17 0.824671 0.813802 0.076867 0.044271
16 0.786969 0.179036 0.019034 0.058594
19 0.522328 0.755859 0.073939 0.087240
25 0.964129 0.574219 0.065886 0.091146
20 0.232796 0.484375 0.079063 0.091146
25 0.973646 0.281901 0.051245 0.074219
17 0.459736 0.643229 0.070278 0.044271
