18 0.398975 0.596354 0.109810 0.122396
19 0.409590 0.323568 0.073939 0.092448
18 0.061493 0.339844 0.114202 0.130208
24 0.258419 0.729818 0.070278 0.121094
20 0.712665 0.621745 0.079795 0.118490
21 0.930454 0.608724 0.039531 0.082031
23 0.263543 0.546224 0.054173 0.087240
18 0.905564 0.437500 0.120059 0.119792
20 0.482064 0.778646 0.088580 0.080729
18 0.640190 0.375651 0.112006 0.128906
0 0.783675 0.399740 0.059297 0.111979
20 0.939239 0.759115 0.090776 0.088542
16 0.037335 0.750651 0.019034 0.058594
23 0.642753 0.518880 0.043924 0.087240
19 0.291362 0.220052 0.079063 0.093750
20 0.725842 0.868490 0.090044 0.083333
25 0.220717 0.363932 0.051977 0.069010
20 0.319180 0.341797 0.083455 0.089844
20 0.189971 0.205729 0.075403 0.085938
19 0.350659 0.940104 0.076135 0.091146
24 0.108712 0.564453 0.066618 0.115885
24 0.196193 0.899740 0.067350 0.122396
16 0.510249 0.242839 0.024890 0.042969
24 0.188507 0.502604 0.065154 0.119792
16 0.966325 0.909505 0.027818 0.045573
0 0.830527 0.703776 0.050512 0.113281
22 0.389092 0.761719 0.075403 0.127604
25 0.131406 0.725911 0.051977 0.074219
1 0.589678 0.525391 0.047584 0.110677
25 0.677526 0.220052 0.054905 0.072917
25 0.471816 0.923828 0.049048 0.069010
21 0.945461 0.259115 0.035871 0.057292
21 0.363470 0.194661 0.034407 0.066406
19 0.587482 0.750651 0.085652 0.076823
23 0.511347 0.448568 0.050512 0.097656
21 0.612372 0.830078 0.035871 0.058594
18 0.057467 0.865234 0.112006 0.121094
1 0.904100 0.873047 0.045388 0.108073
20 0.596266 0.923828 0.082723 0.095052
22 0.826135 0.263021 0.073939 0.132812
17 0.919839 0.332031 0.073939 0.046875
17 0.415081 0.422526 0.076135 0.045573
21 0.572474 0.192708 0.035139 0.054688
20 0.717057 0.741536 0.081259 0.095052
25 0.816252 0.922526 0.067350 0.097656
19 0.582723 0.656901 0.076135 0.087240
23 0.748902 0.289062 0.054173 0.085938
17 0.084553 0.439453 0.073939 0.045573
25 0.070278 0.199219 0.062958 0.085938
17 0.281479 0.465495 0.079795 0.045573
23 0.037335 0.517578 0.049780 0.079427
23 0.509883 0.585286 0.044656 0.087240
16 0.886164 0.533854 0.030015 0.044271
17 0.427892 0.186198 0.079795 0.072917
