18 0.274890 0.264323 0.110542 0.127604
22 0.889824 0.730469 0.078331 0.140625
20 0.052343 0.885417 0.076867 0.088542
19 0.618228 0.369141 0.081259 0.097656
23 0.396047 0.281901 0.048316 0.095052
25 0.521230 0.896484 0.061493 0.087240
20 0.633236 0.221354 0.083455 0.096354
19 0.631406 0.854167 0.075403 0.093750
20 0.557467 0.578125 0.088580 0.085938
1 0.103587 0.492188 0.095900 0.184896
25 0.908126 0.516927 0.053441 0.070312
19 0.252196 0.817708 0.078331 0.093750
18 0.372255 0.783203 0.116398 0.115885
24 0.785139 0.746094 0.068082 0.117188
16 0.523426 0.313151 0.026354 0.042969
23 0.606881 0.693359 0.055637 0.089844
17 0.043558 0.731771 0.069546 0.044271
22 0.316618 0.424479 0.076867 0.138021
23 0.468155 0.769531 0.054905 0.088542
21 0.903001 0.907552 0.040264 0.083333
20 0.862006 0.253255 0.078331 0.115885
18 0.102855 0.262370 0.112006 0.128906
20 0.739385 0.574870 0.086384 0.079427
24 0.748170 0.213542 0.068814 0.127604
16 0.664348 0.609375 0.019766 0.059896
25 0.426061 0.384766 0.054173 0.071615
23 0.477306 0.513021 0.043924 0.085938
17 0.840776 0.605469 0.079795 0.072917
24 0.775256 0.410156 0.070278 0.127604
19 0.532577 0.197266 0.092972 0.082031
20 0.154466 0.809245 0.080527 0.092448
18 0.327233 0.591146 0.118594 0.135417
21 0.968887 0.302734 0.034407 0.066406
18 0.176428 0.690755 0.109810 0.118490
20 0.762079 0.910807 0.090776 0.082031
21 0.159956 0.955078 0.034407 0.055990
16 0.948755 0.707682 0.024890 0.042969
0 0.422401 0.550781 0.051245 0.114583
16 0.526354 0.666667 0.027818 0.041667
23 0.271962 0.718099 0.050512 0.079427
0 0.239385 0.454427 0.046852 0.109375
20 0.909590 0.406250 0.084187 0.091146
25 0.706076 0.460286 0.051977 0.074219
21 0.020864 0.395182 0.035871 0.055990
17 0.684114 0.710938 0.071010 0.044271
24 0.964495 0.892578 0.066618 0.115885
25 0.924597 0.598307 0.048316 0.069010
21 0.444729 0.294922 0.035871 0.058594
25 0.079063 0.647135 0.062958 0.085938
17 0.542826 0.795573 0.081259 0.046875
19 0.379209 0.914714 0.086384 0.087240
17 0.550146 0.473958 0.076867 0.044271
17 0.652269 0.961589 0.076135 0.045573
23 0.840410 0.925130 0.045388 0.089844
0 0.632504 0.509115 0.045388 0.106771
