18 0.879575 0.610026 0.112006 0.154948
1 0.897877 0.822917 0.092972 0.179688
22 0.523792 0.440104 0.078331 0.132812
22 0.376647 0.874349 0.072474 0.131510
24 0.616032 0.839844 0.066618 0.114583
22 0.453514 0.247396 0.078331 0.140625
0 0.101391 0.788411 0.092972 0.178385
20 0.157760 0.494792 0.078331 0.091146
24 0.730600 0.449870 0.068814 0.126302
19 0.211567 0.662109 0.086384 0.087240
19 0.355417 0.353516 0.081259 0.097656
20 0.342240 0.468099 0.079795 0.087240
18 0.510981 0.778646 0.108346 0.117188
25 0.659956 0.703125 0.049048 0.067708
21 0.258053 0.878906 0.032943 0.062500
20 0.196925 0.305339 0.080527 0.118490
1 0.657760 0.520833 0.047584 0.111979
20 0.096266 0.273438 0.075403 0.085938
24 0.671669 0.256510 0.071010 0.122396
20 0.515739 0.897135 0.091508 0.083333
17 0.854685 0.251953 0.076867 0.042969
21 0.977306 0.889323 0.036603 0.057292
17 0.400805 0.651042 0.082723 0.075521
16 0.692533 0.904948 0.026354 0.044271
23 0.762811 0.861328 0.052709 0.082031
16 0.739751 0.224609 0.025622 0.045573
25 0.933748 0.186198 0.050512 0.072917
23 0.023426 0.776042 0.042460 0.083333
22 0.547584 0.619141 0.074671 0.134115
23 0.028551 0.471354 0.055637 0.088542
25 0.194729 0.874349 0.052709 0.071615
0 0.540264 0.233073 0.058565 0.111979
17 0.290264 0.240885 0.075403 0.044271
21 0.131772 0.950521 0.036603 0.059896
19 0.951318 0.305339 0.073939 0.084635
19 0.733895 0.568359 0.085652 0.076823
21 0.822108 0.908203 0.038067 0.079427
19 0.908492 0.416016 0.087848 0.079427
16 0.789165 0.179036 0.019034 0.058594
1 0.314788 0.617839 0.046852 0.110677
25 0.445095 0.391927 0.064422 0.091146
25 0.046120 0.630208 0.065886 0.091146
17 0.218521 0.789062 0.071010 0.044271
20 0.757321 0.761068 0.088580 0.082031
25 0.424231 0.550781 0.053441 0.070312
1 0.253294 0.454427 0.049780 0.111979
17 0.823572 0.492839 0.073206 0.045573
17 0.826135 0.326823 0.081259 0.046875
25 0.369327 0.220052 0.069546 0.101562
19 0.105417 0.380859 0.077599 0.092448
16 0.965227 0.567708 0.030015 0.044271
23 0.597365 0.332031 0.042460 0.083333
21 0.270132 0.317057 0.035139 0.055990
