18 0.646779 0.833984 0.112006 0.128906
25 0.277818 0.306641 0.071010 0.102865
22 0.168741 0.776042 0.073939 0.135417
18 0.272328 0.642578 0.115666 0.131510
0 0.845900 0.753255 0.054905 0.105469
23 0.088580 0.328776 0.052709 0.084635
19 0.750732 0.869792 0.078331 0.093750
19 0.822108 0.329427 0.089312 0.080729
1 0.418375 0.527995 0.049048 0.110677
1 0.553075 0.544271 0.094436 0.182292
22 0.086018 0.740885 0.076867 0.138021
20 0.061127 0.552734 0.081259 0.095052
19 0.637994 0.341797 0.073939 0.092448
20 0.871157 0.521484 0.076135 0.087240
18 0.292094 0.880208 0.111274 0.119792
21 0.497072 0.798177 0.036603 0.059896
25 0.756955 0.733724 0.051245 0.074219
19 0.753294 0.203125 0.079063 0.093750
19 0.762811 0.484375 0.077599 0.088542
22 0.536969 0.260417 0.076867 0.138021
24 0.410322 0.914062 0.071010 0.132812
25 0.960102 0.945964 0.051977 0.071615
16 0.646047 0.528646 0.019766 0.059896
1 0.368594 0.699219 0.047584 0.111979
16 0.171669 0.291667 0.027086 0.044271
1 0.225476 0.469401 0.095168 0.183594
25 0.714861 0.630208 0.063690 0.091146
22 0.390556 0.259115 0.079795 0.135417
20 0.590044 0.712891 0.086384 0.079427
21 0.507321 0.929688 0.035139 0.054688
17 0.384334 0.387370 0.081991 0.074219
23 0.197657 0.195312 0.051245 0.080729
17 0.116032 0.442708 0.071010 0.044271
17 0.106149 0.203776 0.079063 0.045573
16 0.931552 0.304688 0.030015 0.044271
19 0.856515 0.923828 0.092240 0.082031
24 0.966691 0.598958 0.065154 0.119792
23 0.952782 0.824219 0.050512 0.098958
24 0.932650 0.400391 0.065886 0.113281
25 0.454612 0.682943 0.055637 0.074219
21 0.158492 0.942057 0.032943 0.063802
23 0.886530 0.223307 0.052709 0.084635
20 0.540630 0.388021 0.091508 0.083333
23 0.814788 0.634115 0.045388 0.088542
25 0.065520 0.862630 0.054905 0.074219
17 0.050512 0.944661 0.073206 0.045573
16 0.610542 0.939453 0.024890 0.042969
23 0.028917 0.396484 0.043192 0.084635
17 0.748902 0.958333 0.080527 0.046875
21 0.248902 0.212240 0.036603 0.059896
21 0.360908 0.556641 0.039531 0.082031
17 0.943631 0.717448 0.073206 0.044271
