25 0.093338 0.649740 0.065154 0.091146
18 0.065154 0.428385 0.111274 0.119792
18 0.667643 0.468750 0.114202 0.130208
24 0.177160 0.257161 0.068814 0.128906
19 0.581991 0.861328 0.087848 0.087240
25 0.534773 0.412109 0.050512 0.071615
18 0.405198 0.240885 0.117862 0.135417
24 0.241581 0.705078 0.070278 0.128906
18 0.624817 0.646484 0.116398 0.115885
25 0.402269 0.772135 0.049048 0.070312
20 0.486457 0.890625 0.090044 0.083333
19 0.209370 0.921224 0.073206 0.084635
19 0.871157 0.755208 0.070278 0.085938
21 0.934114 0.238281 0.036603 0.059896
17 0.653367 0.213542 0.072474 0.044271
20 0.827599 0.259115 0.076867 0.088542
20 0.278184 0.242839 0.081991 0.095052
16 0.845900 0.912760 0.028551 0.044271
1 0.910688 0.569661 0.055637 0.105469
19 0.190703 0.427734 0.076867 0.092448
22 0.066618 0.820312 0.076135 0.138021
17 0.519766 0.256510 0.070278 0.044271
20 0.754026 0.615234 0.076135 0.087240
25 0.845534 0.522135 0.052709 0.070312
22 0.292826 0.482422 0.073206 0.131510
21 0.540264 0.494792 0.035139 0.054688
23 0.673865 0.906250 0.054905 0.088542
23 0.886896 0.430339 0.044656 0.087240
22 0.483895 0.655599 0.074671 0.126302
22 0.735359 0.248698 0.078331 0.140625
1 0.398975 0.537760 0.045388 0.106771
20 0.307467 0.364583 0.087848 0.080729
17 0.910688 0.859375 0.074671 0.046875
25 0.299780 0.873698 0.065154 0.088542
17 0.771230 0.777344 0.081259 0.072917
21 0.456442 0.356120 0.034407 0.055990
23 0.223646 0.580729 0.051977 0.080729
25 0.322108 0.702474 0.065886 0.095052
23 0.159590 0.692708 0.049780 0.096354
17 0.948389 0.944010 0.079795 0.046875
16 0.035871 0.670573 0.023426 0.041667
21 0.751830 0.933594 0.039531 0.080729
1 0.055271 0.283854 0.049048 0.114583
16 0.539531 0.673828 0.019034 0.058594
23 0.681552 0.761719 0.057101 0.091146
20 0.613104 0.347656 0.079795 0.085938
22 0.957540 0.362630 0.076135 0.139323
17 0.062958 0.923828 0.079063 0.045573
21 0.818448 0.647135 0.033675 0.065104
24 0.812958 0.393229 0.068082 0.125000
19 0.600293 0.766927 0.086384 0.078125
16 0.455710 0.423177 0.027086 0.044271
20 0.391288 0.886719 0.084187 0.122396
