24 0.539165 0.538411 0.066618 0.123698
22 0.125915 0.666016 0.079063 0.134115
18 0.520864 0.273438 0.109078 0.151042
0 0.819912 0.313802 0.093704 0.182292
19 0.628843 0.572266 0.090776 0.082031
22 0.256223 0.917969 0.074671 0.135417
19 0.050512 0.851562 0.074671 0.085938
22 0.926061 0.848307 0.077599 0.141927
25 0.037701 0.436198 0.069546 0.101562
0 0.050512 0.686849 0.057101 0.108073
19 0.324305 0.379557 0.087848 0.087240
22 0.167277 0.269531 0.078331 0.140625
0 0.298316 0.251953 0.049048 0.115885
0 0.459004 0.916667 0.045388 0.106771
1 0.794656 0.770833 0.097365 0.187500
20 0.705344 0.393880 0.078331 0.115885
16 0.360176 0.887370 0.019034 0.058594
25 0.572474 0.942057 0.048316 0.069010
25 0.339312 0.580078 0.051977 0.074219
17 0.818448 0.518229 0.074671 0.046875
16 0.857247 0.585286 0.029283 0.045573
16 0.640556 0.360026 0.027818 0.045573
22 0.263177 0.625000 0.076867 0.138021
20 0.583821 0.743490 0.081259 0.093750
25 0.737555 0.927083 0.062225 0.085938
24 0.930454 0.672526 0.070278 0.128906
21 0.104685 0.399089 0.035139 0.058594
23 0.942899 0.416667 0.054173 0.085938
0 0.195827 0.475911 0.050512 0.113281
17 0.425695 0.468099 0.069546 0.042969
25 0.158126 0.899089 0.052709 0.071615
25 0.457174 0.642578 0.063690 0.089844
21 0.728038 0.517578 0.040264 0.084635
25 0.125915 0.491536 0.054173 0.071615
23 0.281479 0.750000 0.053441 0.083333
19 0.833455 0.927734 0.092972 0.082031
23 0.692167 0.263672 0.049048 0.095052
23 0.629941 0.272786 0.043192 0.084635
17 0.057467 0.212240 0.082723 0.075521
24 0.915081 0.283203 0.065886 0.113281
17 0.374451 0.770182 0.076867 0.042969
23 0.421669 0.363932 0.045388 0.089844
20 0.199488 0.794271 0.075403 0.085938
21 0.719619 0.712891 0.038067 0.058594
16 0.711567 0.845052 0.023426 0.041667
17 0.663250 0.175781 0.073206 0.044271
24 0.401903 0.224609 0.067350 0.126302
20 0.560029 0.407552 0.079063 0.083333
17 0.114568 0.563151 0.079795 0.045573
24 0.643119 0.923828 0.068082 0.118490
20 0.929356 0.537109 0.078331 0.089844
23 0.282211 0.482422 0.056369 0.089844
21 0.514641 0.953776 0.033675 0.063802
19 0.490483 0.782552 0.080527 0.096354
21 0.727306 0.605469 0.035871 0.057292
