24 0.808931 0.751302 0.067350 0.125000
18 0.243045 0.223307 0.121523 0.121094
1 0.277086 0.638021 0.097365 0.187500
22 0.472182 0.832682 0.079063 0.134115
22 0.622621 0.610677 0.076867 0.138021
19 0.079063 0.577474 0.073206 0.089844
22 0.821742 0.422526 0.075403 0.136719
24 0.187042 0.641927 0.065154 0.111979
22 0.539165 0.425130 0.073939 0.134115
19 0.935212 0.891276 0.073939 0.084635
22 0.948755 0.741536 0.073206 0.131510
25 0.372987 0.618490 0.050512 0.072917
25 0.908858 0.237630 0.069546 0.100260
23 0.958638 0.490885 0.053441 0.085938
21 0.609810 0.876302 0.035139 0.054688
17 0.770864 0.550781 0.070278 0.044271
18 0.291728 0.398438 0.119327 0.135417
18 0.091874 0.759115 0.109078 0.151042
19 0.602855 0.299479 0.075403 0.091146
20 0.709736 0.427083 0.090044 0.083333
20 0.471449 0.220703 0.079063 0.092448
20 0.713397 0.295573 0.079795 0.117188
17 0.232796 0.935547 0.076135 0.045573
23 0.110908 0.919922 0.050512 0.097656
20 0.113470 0.285807 0.090776 0.087240
25 0.678624 0.809245 0.062958 0.089844
20 0.427160 0.440755 0.087116 0.079427
16 0.894583 0.367839 0.026354 0.042969
18 0.365666 0.919271 0.113470 0.127604
23 0.306003 0.789062 0.042460 0.083333
20 0.224012 0.795573 0.079063 0.085938
16 0.040630 0.286458 0.018302 0.057292
16 0.083455 0.173828 0.029283 0.045573
21 0.158126 0.444661 0.036603 0.061198
18 0.811859 0.901042 0.117130 0.125000
25 0.546486 0.689453 0.051977 0.069010
24 0.446925 0.577474 0.068082 0.118490
21 0.683382 0.897786 0.035871 0.058594
16 0.737189 0.776693 0.024890 0.042969
1 0.514641 0.578125 0.048316 0.114583
19 0.810761 0.207031 0.082723 0.083333
25 0.098463 0.455078 0.049048 0.071615
17 0.064056 0.368490 0.081259 0.046875
21 0.564422 0.932292 0.033675 0.065104
1 0.368228 0.760417 0.058565 0.111979
19 0.871889 0.608724 0.086384 0.076823
20 0.362738 0.203776 0.079795 0.092448
17 0.452050 0.340495 0.076867 0.042969
1 0.696193 0.673177 0.046852 0.109375
17 0.453880 0.717448 0.074671 0.046875
25 0.629575 0.492839 0.054173 0.071615
21 0.971449 0.250651 0.038067 0.079427
23 0.028551 0.471354 0.042460 0.083333
