1 0.554539 0.772135 0.098829 0.190104
24 0.346633 0.796875 0.066618 0.122396
20 0.901903 0.731120 0.081991 0.121094
24 0.312958 0.248047 0.068082 0.118490
23 0.785139 0.576172 0.050512 0.097656
19 0.624451 0.266276 0.077599 0.092448
22 0.776354 0.448568 0.073939 0.134115
18 0.183382 0.762370 0.116398 0.123698
18 0.939605 0.286458 0.109078 0.151042
19 0.045388 0.534505 0.087848 0.087240
20 0.500366 0.472005 0.078331 0.089844
23 0.708272 0.780599 0.056369 0.089844
25 0.248536 0.929688 0.068082 0.098958
0 0.320278 0.639323 0.057833 0.109375
22 0.603953 0.536458 0.073206 0.132812
22 0.760981 0.220052 0.078331 0.140625
17 0.938141 0.416016 0.079795 0.045573
19 0.431552 0.300781 0.075403 0.085938
25 0.424963 0.799479 0.065154 0.088542
25 0.506589 0.320964 0.052709 0.071615
25 0.155564 0.534505 0.051977 0.074219
20 0.226940 0.298177 0.089312 0.085938
17 0.320644 0.373698 0.070278 0.044271
20 0.833089 0.911458 0.089312 0.083333
23 0.537701 0.580078 0.043192 0.084635
19 0.665081 0.897135 0.075403 0.093750
22 0.413616 0.580078 0.079063 0.134115
0 0.911420 0.867839 0.046852 0.110677
21 0.839678 0.258464 0.038067 0.079427
22 0.956442 0.552083 0.073939 0.132812
18 0.103587 0.408203 0.119327 0.118490
1 0.234261 0.629557 0.048316 0.113281
20 0.137262 0.886068 0.090044 0.082031
0 0.713031 0.595703 0.051245 0.115885
17 0.148243 0.648438 0.073939 0.044271
19 0.253660 0.494792 0.088580 0.080729
20 0.470717 0.929036 0.083455 0.089844
16 0.857247 0.574219 0.024890 0.044271
16 0.063690 0.651693 0.019034 0.058594
21 0.594802 0.360026 0.034407 0.066406
20 0.041728 0.262370 0.073206 0.084635
25 0.643119 0.669922 0.062225 0.087240
21 0.763543 0.796875 0.036603 0.059896
24 0.124085 0.225260 0.071010 0.132812
23 0.860176 0.497396 0.054173 0.085938
23 0.702416 0.443359 0.050512 0.079427
25 0.592606 0.940755 0.049048 0.069010
16 0.281113 0.774740 0.027818 0.041667
25 0.211933 0.402344 0.053441 0.070312
21 0.052343 0.847656 0.037335 0.057292
17 0.363104 0.932292 0.071742 0.044271
21 0.479136 0.623047 0.037335 0.061198
17 0.045022 0.962240 0.078331 0.044271
16 0.509883 0.200521 0.027086 0.044271
17 0.046120 0.769531 0.080527 0.072917
