18 0.678624 0.294922 0.115666 0.131510
18 0.258053 0.228516 0.116398 0.115885
1 0.851757 0.848307 0.047584 0.110677
22 0.213763 0.685547 0.077599 0.141927
25 0.060395 0.537760 0.060761 0.085938
22 0.239019 0.496094 0.078331 0.140625
19 0.944363 0.602214 0.087848 0.087240
19 0.364568 0.499349 0.073206 0.084635
19 0.688873 0.779297 0.090776 0.082031
25 0.494143 0.578125 0.054173 0.075521
20 0.694363 0.590495 0.091508 0.082031
18 0.348463 0.824870 0.117130 0.134115
25 0.348463 0.608724 0.068814 0.100260
1 0.534041 0.925781 0.047584 0.111979
22 0.568082 0.779297 0.073206 0.131510
18 0.833455 0.412109 0.112006 0.154948
23 0.145315 0.692057 0.043192 0.084635
23 0.090410 0.341797 0.050512 0.079427
23 0.669107 0.437500 0.048316 0.093750
25 0.129575 0.910807 0.054173 0.071615
1 0.852855 0.555339 0.057101 0.108073
24 0.927526 0.237630 0.065886 0.121094
20 0.775622 0.882161 0.082723 0.095052
17 0.288433 0.326823 0.076135 0.044271
24 0.224744 0.901042 0.068814 0.127604
16 0.935578 0.845703 0.027818 0.042969
17 0.565520 0.218750 0.082723 0.075521
17 0.782211 0.264323 0.072474 0.044271
1 0.560395 0.586589 0.050512 0.113281
21 0.151903 0.825521 0.035871 0.057292
17 0.626281 0.953776 0.076867 0.042969
23 0.783675 0.638672 0.056369 0.089844
17 0.461201 0.803385 0.071742 0.044271
0 0.511713 0.394531 0.093704 0.182292
22 0.372255 0.366536 0.076867 0.139323
20 0.934846 0.765625 0.090776 0.088542
23 0.065886 0.664062 0.042460 0.083333
16 0.442167 0.417318 0.026354 0.042969
25 0.423499 0.207031 0.051977 0.072917
19 0.068082 0.225911 0.079063 0.095052
21 0.035871 0.884115 0.033675 0.065104
25 0.139092 0.490885 0.049780 0.072917
24 0.956808 0.416667 0.067350 0.117188
21 0.766837 0.189453 0.035871 0.055990
16 0.716691 0.673828 0.019034 0.058594
23 0.426794 0.651693 0.055637 0.089844
20 0.066252 0.767578 0.085652 0.079427
19 0.931918 0.940755 0.076135 0.089844
21 0.854319 0.188802 0.038067 0.062500
16 0.676428 0.174479 0.024890 0.044271
21 0.219619 0.339844 0.039531 0.080729
17 0.795388 0.741536 0.072474 0.042969
