22 0.206808 0.908854 0.073939 0.135417
23 0.555637 0.367188 0.045388 0.088542
21 0.259883 0.755208 0.033675 0.065104
17 0.153734 0.695964 0.074671 0.045573
23 0.594802 0.564453 0.053441 0.084635
20 0.435578 0.874349 0.081991 0.121094
21 0.718155 0.882161 0.036603 0.055990
1 0.836384 0.709635 0.095900 0.184896
22 0.943997 0.348307 0.072474 0.131510
17 0.297218 0.909505 0.077599 0.045573
24 0.959370 0.520182 0.066618 0.123698
23 0.091874 0.865885 0.050512 0.078125
20 0.279649 0.505208 0.083455 0.096354
16 0.078697 0.335286 0.018302 0.055990
25 0.077965 0.643229 0.060761 0.085938
20 0.384700 0.195312 0.090044 0.083333
24 0.856149 0.394531 0.068082 0.117188
18 0.596633 0.750651 0.115666 0.131510
20 0.699122 0.486979 0.074671 0.085938
21 0.804539 0.502604 0.035139 0.057292
23 0.395315 0.330729 0.054173 0.085938
18 0.811127 0.235026 0.121523 0.121094
19 0.909224 0.871745 0.090776 0.082031
17 0.714129 0.705729 0.069546 0.044271
18 0.244143 0.355469 0.116398 0.161458
25 0.393485 0.680990 0.051977 0.070312
18 0.675329 0.320964 0.117862 0.134115
23 0.230234 0.210286 0.041728 0.082031
20 0.396047 0.458984 0.090776 0.082031
19 0.133236 0.535807 0.086384 0.076823
19 0.483895 0.757812 0.084919 0.085938
1 0.505124 0.591797 0.046852 0.110677
19 0.532943 0.199219 0.077599 0.088542
17 0.877013 0.518880 0.079063 0.045573
20 0.737189 0.795573 0.087848 0.085938
20 0.080527 0.199870 0.083455 0.089844
0 0.292460 0.622396 0.059297 0.111979
20 0.489751 0.475260 0.080527 0.093750
21 0.658492 0.942708 0.035871 0.057292
0 0.131772 0.380208 0.049780 0.111979
22 0.939239 0.709635 0.074671 0.135417
25 0.600659 0.470052 0.049048 0.070312
17 0.041728 0.758464 0.081991 0.074219
21 0.209370 0.785807 0.039531 0.082031
25 0.788067 0.419922 0.054905 0.074219
19 0.727306 0.602865 0.079795 0.096354
16 0.795022 0.917969 0.026354 0.041667
16 0.038433 0.544271 0.024158 0.041667
25 0.320644 0.796224 0.064422 0.087240
25 0.593704 0.917969 0.049780 0.070312
16 0.601391 0.209635 0.030015 0.044271
19 0.484261 0.302083 0.075403 0.093750
17 0.078331 0.941406 0.074671 0.046875
