22 0.554905 0.861979 0.079063 0.132812
18 0.269766 0.269531 0.114934 0.130208
22 0.593704 0.439453 0.074671 0.136719
23 0.707906 0.309896 0.055637 0.088542
1 0.243411 0.700521 0.095900 0.187500
20 0.129575 0.434245 0.086384 0.084635
20 0.950586 0.215495 0.078331 0.089844
25 0.828697 0.929036 0.065886 0.095052
20 0.802709 0.557292 0.081259 0.085938
20 0.451318 0.701172 0.079795 0.092448
19 0.091874 0.930990 0.073939 0.088542
24 0.308199 0.878255 0.068814 0.126302
23 0.212665 0.873047 0.050512 0.097656
23 0.844070 0.810547 0.054173 0.087240
24 0.646779 0.886068 0.066618 0.115885
20 0.344802 0.427083 0.071742 0.083333
18 0.486457 0.548177 0.112006 0.156250
1 0.800512 0.380208 0.097365 0.187500
17 0.806369 0.225260 0.072474 0.044271
16 0.081259 0.306641 0.027818 0.045573
0 0.916911 0.797526 0.047584 0.110677
21 0.332723 0.527995 0.034407 0.055990
24 0.592606 0.287109 0.068082 0.118490
25 0.650439 0.759766 0.050512 0.074219
0 0.106149 0.625651 0.060029 0.113281
25 0.093704 0.189453 0.052709 0.071615
17 0.739385 0.789714 0.077599 0.045573
19 0.402635 0.826823 0.076135 0.091146
22 0.108712 0.768229 0.073939 0.132812
21 0.357247 0.248698 0.036603 0.059896
19 0.140190 0.334635 0.072474 0.083333
25 0.557101 0.707682 0.064422 0.087240
23 0.884700 0.383464 0.044656 0.087240
20 0.701684 0.609375 0.091508 0.083333
22 0.263909 0.485677 0.073939 0.132812
19 0.832357 0.694010 0.086384 0.078125
20 0.918009 0.569661 0.086384 0.079427
20 0.338946 0.684245 0.080527 0.118490
19 0.605417 0.592448 0.070278 0.085938
22 0.490117 0.270833 0.076867 0.138021
0 0.687775 0.461589 0.051977 0.115885
21 0.028551 0.476562 0.036603 0.057292
16 0.968887 0.312500 0.018302 0.057292
25 0.480234 0.847005 0.054173 0.071615
17 0.169107 0.531250 0.076135 0.044271
17 0.739385 0.902344 0.080527 0.072917
16 0.149341 0.246745 0.027818 0.042969
23 0.663250 0.212240 0.042460 0.083333
21 0.367130 0.928385 0.032943 0.062500
0 0.027818 0.697266 0.049780 0.115885
21 0.158126 0.918620 0.038067 0.079427
16 0.025988 0.580729 0.024158 0.041667
17 0.459736 0.406250 0.074671 0.046875
19 0.381406 0.331380 0.086384 0.076823
23 0.740117 0.712891 0.054173 0.084635
17 0.934480 0.695312 0.073939 0.044271
