18 0.300146 0.717448 0.111274 0.127604
18 0.925329 0.759115 0.117130 0.161458
22 0.953880 0.367839 0.073206 0.131510
19 0.527818 0.718099 0.077599 0.092448
22 0.574671 0.321615 0.074671 0.135417
1 0.542826 0.567057 0.059297 0.113281
20 0.131040 0.533203 0.086384 0.079427
19 0.196193 0.248698 0.086384 0.078125
24 0.713031 0.319661 0.068814 0.126302
0 0.775622 0.674479 0.095900 0.187500
19 0.373353 0.514974 0.073206 0.089844
19 0.046852 0.784505 0.086384 0.087240
24 0.461567 0.312500 0.069546 0.127604
19 0.659590 0.930990 0.074671 0.085938
0 0.673865 0.718099 0.050512 0.113281
17 0.856515 0.304036 0.076135 0.045573
18 0.153734 0.860677 0.111274 0.119792
18 0.491947 0.843750 0.109810 0.122396
20 0.953148 0.601562 0.077599 0.088542
16 0.734993 0.888672 0.019034 0.058594
25 0.511347 0.457031 0.050512 0.070312
24 0.372987 0.260417 0.072474 0.135417
17 0.188507 0.650391 0.081259 0.074219
16 0.198023 0.333333 0.027086 0.044271
0 0.358346 0.923177 0.047584 0.111979
22 0.048316 0.248047 0.073206 0.131510
21 0.549048 0.179688 0.036603 0.059896
25 0.454978 0.674479 0.053441 0.070312
17 0.701684 0.501953 0.079795 0.045573
23 0.395681 0.647786 0.051977 0.082031
18 0.842240 0.412109 0.119327 0.118490
21 0.289531 0.276042 0.037335 0.078125
23 0.613104 0.509115 0.053441 0.085938
21 0.133602 0.367188 0.032943 0.062500
1 0.391654 0.395833 0.045388 0.106771
20 0.943265 0.215495 0.078331 0.115885
16 0.888360 0.912760 0.028551 0.044271
25 0.821742 0.942708 0.049048 0.070312
23 0.295388 0.936849 0.049048 0.095052
19 0.050512 0.396484 0.089312 0.079427
25 0.105051 0.625651 0.054905 0.074219
17 0.315886 0.605469 0.071010 0.044271
16 0.233163 0.516927 0.024158 0.041667
24 0.285139 0.494792 0.066618 0.114583
25 0.965593 0.499349 0.061493 0.087240
20 0.631406 0.195964 0.087116 0.079427
17 0.155198 0.755208 0.076135 0.044271
23 0.614934 0.770833 0.043924 0.085938
21 0.072474 0.912109 0.035139 0.058594
25 0.037335 0.614583 0.065886 0.091146
24 0.840776 0.211589 0.065154 0.113281
21 0.714129 0.423828 0.035871 0.055990
23 0.299414 0.376953 0.045388 0.089844
17 0.954978 0.954427 0.072474 0.044271
