18 0.555637 0.842448 0.118594 0.135417
18 0.125183 0.680339 0.111274 0.126302
23 0.806735 0.333333 0.051245 0.098958
24 0.476574 0.352865 0.068814 0.127604
20 0.358346 0.645833 0.085652 0.083333
18 0.317716 0.470703 0.114202 0.128906
20 0.274158 0.918620 0.081259 0.095052
22 0.422401 0.783203 0.073206 0.134115
19 0.790264 0.842448 0.071010 0.088542
24 0.371157 0.311198 0.071742 0.132812
23 0.694363 0.916016 0.053441 0.084635
18 0.707540 0.214844 0.125183 0.125000
20 0.172767 0.511719 0.079063 0.091146
17 0.797584 0.467448 0.069546 0.044271
22 0.248170 0.792318 0.073206 0.131510
25 0.121889 0.902995 0.051977 0.069010
16 0.211933 0.390625 0.028551 0.044271
1 0.929722 0.547526 0.057101 0.108073
17 0.455710 0.953125 0.072474 0.044271
23 0.453880 0.607422 0.042460 0.084635
17 0.063690 0.330078 0.084919 0.076823
17 0.726940 0.647135 0.080527 0.046875
20 0.892020 0.233073 0.072474 0.083333
21 0.056003 0.875651 0.032943 0.063802
0 0.901537 0.852865 0.049048 0.114583
25 0.581991 0.275391 0.065886 0.095052
22 0.564788 0.669922 0.076867 0.139323
23 0.655930 0.484375 0.045388 0.088542
21 0.860908 0.953776 0.035139 0.058594
24 0.334919 0.761719 0.065154 0.119792
25 0.545388 0.406901 0.054173 0.071615
25 0.799414 0.583984 0.051245 0.074219
25 0.540996 0.539062 0.064422 0.091146
25 0.035139 0.512370 0.064422 0.087240
21 0.734261 0.406901 0.038067 0.079427
17 0.932284 0.326172 0.078331 0.045573
16 0.441069 0.227865 0.027086 0.044271
20 0.278551 0.304036 0.087116 0.079427
20 0.166911 0.198568 0.089312 0.082031
21 0.254026 0.580729 0.036603 0.057292
19 0.915813 0.427734 0.077599 0.092448
23 0.030015 0.198568 0.052709 0.084635
21 0.975476 0.804036 0.034407 0.055990
19 0.153734 0.306641 0.077599 0.089844
20 0.946925 0.681641 0.081259 0.087240
1 0.036237 0.662760 0.049048 0.114583
19 0.807467 0.741536 0.083455 0.084635
17 0.694363 0.565104 0.072474 0.044271
16 0.978404 0.864583 0.024158 0.041667
19 0.130673 0.796224 0.084187 0.076823
25 0.803441 0.944010 0.049048 0.067708
23 0.721449 0.809896 0.051977 0.080729
16 0.493777 0.211589 0.018302 0.055990
