18 0.058199 0.238932 0.114934 0.131510
1 0.409590 0.630859 0.092972 0.178385
0 0.673499 0.257161 0.093704 0.180990
20 0.934846 0.238281 0.080527 0.093750
20 0.180454 0.432292 0.076867 0.088542
18 0.850659 0.785156 0.111274 0.127604
20 0.311859 0.410156 0.086384 0.078125
25 0.225110 0.887370 0.062225 0.087240
20 0.573939 0.882161 0.084919 0.082031
24 0.203148 0.718099 0.066618 0.115885
23 0.299414 0.636719 0.043924 0.085938
1 0.742313 0.687500 0.049780 0.111979
20 0.564056 0.243490 0.081259 0.093750
23 0.748902 0.414062 0.049780 0.078125
25 0.913250 0.435547 0.053441 0.071615
16 0.790996 0.329427 0.018302 0.057292
23 0.835286 0.280599 0.052709 0.084635
19 0.927892 0.653646 0.091508 0.080729
17 0.331259 0.295573 0.079795 0.072917
16 0.409590 0.945312 0.028551 0.044271
22 0.549780 0.466146 0.077599 0.140625
17 0.467423 0.326172 0.078331 0.045573
22 0.825403 0.468750 0.073939 0.132812
19 0.461567 0.428385 0.078331 0.093750
17 0.824305 0.679036 0.073206 0.045573
25 0.120425 0.729167 0.068082 0.098958
20 0.212299 0.264974 0.083455 0.123698
19 0.407760 0.831380 0.079063 0.095052
24 0.632870 0.727865 0.066618 0.122396
23 0.639824 0.524089 0.054173 0.087240
23 0.151171 0.542318 0.049048 0.095052
21 0.099195 0.947917 0.034407 0.065104
17 0.316618 0.497396 0.072474 0.044271
19 0.884334 0.926432 0.087848 0.079427
25 0.490483 0.230469 0.051245 0.072917
25 0.300512 0.824870 0.054905 0.074219
17 0.515373 0.657552 0.080527 0.046875
24 0.074671 0.414062 0.070278 0.130208
25 0.335286 0.916016 0.051245 0.074219
21 0.978404 0.890625 0.038799 0.080729
21 0.668009 0.839193 0.037335 0.058594
1 0.735725 0.548828 0.048316 0.113281
17 0.766105 0.181641 0.073939 0.045573
21 0.945827 0.765625 0.036603 0.059896
22 0.080161 0.578125 0.075403 0.127604
16 0.396413 0.207031 0.027086 0.044271
19 0.910322 0.544922 0.073939 0.084635
24 0.041728 0.899740 0.067350 0.117188
19 0.141288 0.835938 0.081991 0.083333
21 0.211567 0.568359 0.035139 0.055990
16 0.649707 0.425781 0.024158 0.041667
22 0.549414 0.761719 0.072474 0.132812
0 0.753660 0.824219 0.057833 0.109375
23 0.480600 0.867188 0.043192 0.085938
