0 0.450952 0.721354 0.096633 0.187500
18 0.784407 0.516927 0.116398 0.132812
18 0.881772 0.776693 0.113470 0.157552
22 0.579063 0.639974 0.074671 0.134115
23 0.085652 0.888021 0.055637 0.088542
20 0.379575 0.244792 0.081259 0.093750
24 0.271596 0.909505 0.065886 0.113281
20 0.784041 0.216146 0.089312 0.080729
20 0.104319 0.281250 0.081259 0.119792
19 0.209736 0.207682 0.079795 0.095052
24 0.262811 0.613932 0.065886 0.121094
18 0.618228 0.787109 0.116398 0.115885
17 0.222548 0.462891 0.084919 0.076823
16 0.331259 0.899089 0.025622 0.042969
25 0.645315 0.227865 0.065154 0.091146
1 0.047218 0.534505 0.049048 0.115885
16 0.130307 0.567057 0.027818 0.042969
21 0.165447 0.897135 0.035139 0.054688
17 0.898975 0.556641 0.079063 0.045573
0 0.921303 0.261068 0.049048 0.115885
17 0.761347 0.309245 0.073206 0.045573
24 0.482430 0.514323 0.067350 0.125000
24 0.404466 0.906901 0.069546 0.121094
25 0.746340 0.658854 0.050512 0.072917
20 0.732064 0.813151 0.077599 0.089844
23 0.595900 0.362630 0.049780 0.097656
24 0.148975 0.694661 0.066618 0.121094
18 0.934846 0.399089 0.112738 0.121094
16 0.403367 0.451823 0.023426 0.041667
25 0.385798 0.566406 0.062958 0.085938
21 0.554905 0.522786 0.036603 0.061198
19 0.256589 0.757812 0.087116 0.085938
19 0.651903 0.916016 0.088580 0.079427
22 0.284773 0.333984 0.076135 0.128906
20 0.515373 0.899089 0.086384 0.079427
21 0.044290 0.734375 0.038799 0.080729
17 0.352489 0.753906 0.069546 0.044271
25 0.182650 0.363932 0.051977 0.069010
23 0.092972 0.407552 0.045388 0.088542
23 0.972548 0.520182 0.050512 0.079427
22 0.490483 0.337240 0.077599 0.140625
21 0.345900 0.460938 0.035871 0.059896
16 0.636530 0.599609 0.018302 0.055990
17 0.835652 0.636719 0.073939 0.044271
25 0.682284 0.532552 0.054173 0.072917
20 0.769766 0.925130 0.084187 0.089844
25 0.154832 0.818359 0.050512 0.071615
19 0.668375 0.404948 0.077599 0.088542
21 0.931186 0.940104 0.032211 0.062500
20 0.549780 0.195312 0.087848 0.085938
23 0.680820 0.647135 0.045388 0.088542
17 0.748902 0.733724 0.079063 0.045573
