19 0.203880 0.938151 0.075403 0.089844
1 0.535871 0.643229 0.092240 0.177083
19 0.605783 0.786458 0.090044 0.080729
24 0.544290 0.227865 0.069546 0.119792
18 0.195827 0.811198 0.119327 0.135417
24 0.716325 0.340495 0.068082 0.126302
20 0.154466 0.374349 0.077599 0.089844
18 0.599195 0.453125 0.116398 0.132812
18 0.667643 0.915365 0.117130 0.132812
23 0.850659 0.522135 0.042460 0.083333
0 0.809297 0.926432 0.054905 0.105469
17 0.069912 0.617839 0.072474 0.045573
20 0.744510 0.757161 0.076135 0.087240
18 0.327965 0.331380 0.114202 0.157552
21 0.890190 0.833333 0.032211 0.062500
20 0.396047 0.815755 0.080527 0.087240
22 0.154466 0.524089 0.074671 0.134115
19 0.300512 0.594401 0.087116 0.079427
18 0.467423 0.477214 0.112006 0.121094
25 0.831625 0.659505 0.064422 0.087240
17 0.633236 0.328125 0.071742 0.044271
25 0.221083 0.190104 0.049780 0.070312
21 0.781113 0.498047 0.035139 0.055990
20 0.558565 0.902995 0.086384 0.084635
17 0.911054 0.684896 0.072474 0.044271
19 0.656662 0.617839 0.077599 0.092448
17 0.360176 0.498698 0.074671 0.044271
23 0.867862 0.944661 0.041728 0.082031
23 0.051611 0.510417 0.051977 0.080729
20 0.924597 0.414062 0.074671 0.085938
16 0.068082 0.820964 0.026354 0.042969
20 0.049780 0.902344 0.087848 0.080729
17 0.908126 0.215495 0.084187 0.076823
25 0.957906 0.546224 0.069546 0.100260
24 0.826501 0.305990 0.065886 0.119792
25 0.407760 0.684245 0.054173 0.071615
17 0.928990 0.744792 0.080527 0.046875
16 0.457174 0.937500 0.024158 0.041667
21 0.424597 0.356771 0.036603 0.059896
20 0.048316 0.330078 0.080527 0.118490
20 0.421303 0.593750 0.091508 0.083333
1 0.296852 0.811198 0.049048 0.114583
1 0.756955 0.601562 0.051245 0.114583
23 0.942533 0.876953 0.047584 0.092448
19 0.382870 0.916016 0.084919 0.084635
0 0.699122 0.502604 0.048316 0.111979
16 0.493777 0.958333 0.028551 0.044271
25 0.969619 0.322917 0.053441 0.072917
16 0.902635 0.607422 0.019034 0.058594
25 0.032577 0.216146 0.049048 0.070312
21 0.191801 0.688151 0.040996 0.084635
25 0.650439 0.212240 0.065154 0.091146
21 0.422035 0.256510 0.037335 0.057292
23 0.744143 0.199870 0.054905 0.087240
23 0.289165 0.936849 0.055637 0.089844
