18 0.405930 0.744792 0.120791 0.119792
0 0.856149 0.466146 0.095900 0.184896
22 0.141654 0.218099 0.075403 0.136719
23 0.948389 0.356120 0.053441 0.084635
20 0.054905 0.754557 0.081991 0.087240
19 0.247804 0.903646 0.075403 0.093750
1 0.541728 0.570964 0.046852 0.110677
19 0.464861 0.554036 0.086384 0.087240
18 0.549414 0.356771 0.119327 0.135417
22 0.549414 0.856771 0.073939 0.132812
22 0.442899 0.897786 0.073206 0.131510
19 0.429356 0.421224 0.092972 0.082031
19 0.488287 0.224609 0.084919 0.076823
20 0.786237 0.315104 0.089312 0.083333
19 0.677526 0.701823 0.075403 0.085938
16 0.826867 0.811849 0.025622 0.045573
18 0.672767 0.862630 0.115666 0.131510
21 0.322474 0.511068 0.035871 0.058594
24 0.069180 0.615885 0.069546 0.119792
25 0.627745 0.534505 0.054905 0.074219
17 0.198389 0.606771 0.083455 0.075521
21 0.196559 0.348958 0.037335 0.057292
24 0.818082 0.701823 0.066618 0.125000
25 0.911420 0.730469 0.067350 0.091146
18 0.269400 0.723307 0.114202 0.123698
22 0.177892 0.457682 0.080527 0.136719
21 0.414348 0.335286 0.035139 0.055990
19 0.286969 0.260417 0.076135 0.091146
23 0.938873 0.585938 0.043192 0.085938
20 0.739019 0.217448 0.085652 0.083333
25 0.050146 0.494792 0.049048 0.070312
17 0.152635 0.923177 0.078331 0.044271
23 0.151903 0.790365 0.053441 0.083333
16 0.294656 0.382812 0.019766 0.059896
25 0.966691 0.826823 0.053441 0.070312
25 0.677892 0.365234 0.065886 0.095052
17 0.930820 0.906901 0.069546 0.042969
0 0.702782 0.573568 0.051245 0.115885
20 0.048682 0.359375 0.075403 0.085938
16 0.941435 0.436849 0.029283 0.045573
0 0.386164 0.563802 0.049048 0.114583
17 0.561859 0.964193 0.069546 0.042969
1 0.924597 0.210938 0.055637 0.106771
25 0.818814 0.193359 0.050512 0.071615
20 0.564056 0.727865 0.078331 0.091146
24 0.072108 0.895182 0.065154 0.118490
21 0.367862 0.202474 0.032943 0.063802
17 0.743045 0.457682 0.074671 0.045573
23 0.331259 0.867839 0.049048 0.095052
21 0.337848 0.429688 0.038799 0.080729
17 0.627013 0.242188 0.081259 0.046875
16 0.407760 0.205729 0.026354 0.041667
25 0.778917 0.898438 0.062958 0.088542
23 0.743411 0.716797 0.043192 0.084635
