24 0.294290 0.705078 0.068814 0.126302
23 0.473280 0.280599 0.053441 0.084635
20 0.861640 0.600911 0.077599 0.089844
1 0.867130 0.268229 0.095900 0.187500
24 0.727306 0.873047 0.066618 0.123698
19 0.490483 0.666667 0.086384 0.078125
0 0.195095 0.360026 0.050512 0.113281
19 0.163616 0.840495 0.076867 0.092448
17 0.681918 0.301432 0.081259 0.074219
25 0.660322 0.736979 0.062958 0.085938
23 0.584187 0.529297 0.055637 0.089844
18 0.185944 0.606120 0.117130 0.134115
19 0.745242 0.492839 0.071742 0.082031
21 0.840776 0.439453 0.034407 0.055990
18 0.838214 0.908203 0.124451 0.123698
25 0.305271 0.883464 0.054173 0.071615
25 0.660688 0.843099 0.051977 0.069010
19 0.577599 0.238932 0.086384 0.087240
21 0.933748 0.929036 0.037335 0.061198
16 0.951684 0.651693 0.027818 0.045573
21 0.598097 0.361979 0.036603 0.057292
17 0.580893 0.699219 0.072474 0.044271
17 0.857613 0.785807 0.076867 0.042969
18 0.479868 0.889974 0.112006 0.121094
20 0.050878 0.719401 0.078331 0.084635
23 0.045022 0.291016 0.049048 0.095052
24 0.058931 0.434896 0.066618 0.114583
24 0.305271 0.521484 0.068814 0.128906
20 0.236091 0.208984 0.090044 0.087240
17 0.343704 0.320312 0.073939 0.046875
16 0.676061 0.461589 0.025622 0.045573
25 0.389824 0.666016 0.062225 0.087240
25 0.415813 0.382812 0.048316 0.070312
18 0.938873 0.475911 0.114934 0.131510
19 0.429722 0.486328 0.092240 0.082031
20 0.071376 0.944661 0.088580 0.082031
20 0.751830 0.727865 0.083455 0.096354
1 0.590776 0.830729 0.045388 0.106771
22 0.063690 0.595703 0.076135 0.136719
21 0.035505 0.822917 0.037335 0.078125
16 0.434480 0.203125 0.030015 0.044271
25 0.117496 0.244141 0.068082 0.097656
25 0.780015 0.219401 0.050512 0.071615
19 0.687408 0.200521 0.076135 0.093750
23 0.516105 0.458333 0.043924 0.085938
16 0.848829 0.510417 0.019766 0.059896
19 0.759151 0.594401 0.076135 0.089844
17 0.193997 0.463542 0.070278 0.044271
24 0.958272 0.289062 0.070278 0.122396
17 0.737555 0.401693 0.078331 0.045573
21 0.539165 0.765625 0.032943 0.062500
22 0.377745 0.886068 0.076135 0.136719
1 0.122255 0.401693 0.046852 0.110677
23 0.894583 0.708333 0.043924 0.085938
