20 0.811127 0.408854 0.077599 0.091146
24 0.218887 0.352865 0.068814 0.119792
19 0.509883 0.687500 0.075403 0.085938
22 0.071742 0.333984 0.077599 0.141927
0 0.281479 0.569010 0.091508 0.177083
1 0.101391 0.820964 0.091508 0.175781
1 0.786603 0.554036 0.050512 0.113281
19 0.404832 0.671224 0.092240 0.082031
22 0.619693 0.768880 0.076867 0.139323
25 0.537701 0.231120 0.053441 0.071615
24 0.747438 0.748698 0.068814 0.127604
24 0.489385 0.824219 0.066618 0.122396
25 0.864202 0.833333 0.062225 0.085938
17 0.622987 0.614583 0.080527 0.046875
22 0.674231 0.346354 0.077599 0.140625
0 0.862006 0.692057 0.047584 0.110677
25 0.357980 0.326172 0.067350 0.097656
21 0.963397 0.389323 0.033675 0.065104
18 0.270864 0.794922 0.117130 0.162760
23 0.972548 0.518229 0.043192 0.085938
20 0.106149 0.555990 0.079063 0.091146
19 0.889458 0.524089 0.084919 0.084635
23 0.429722 0.307292 0.048316 0.093750
22 0.948755 0.754557 0.074671 0.134115
20 0.407394 0.546224 0.078331 0.084635
20 0.483163 0.432292 0.084919 0.078125
25 0.703514 0.220703 0.051245 0.074219
25 0.236823 0.930990 0.053441 0.070312
20 0.586018 0.449219 0.076867 0.088542
17 0.060761 0.180990 0.073206 0.044271
23 0.803075 0.250651 0.043924 0.087240
21 0.957174 0.250000 0.037335 0.062500
25 0.394583 0.187500 0.051245 0.072917
18 0.727672 0.917318 0.112738 0.121094
17 0.312592 0.416667 0.080527 0.046875
24 0.715959 0.603516 0.070278 0.131510
22 0.394949 0.845052 0.078331 0.132812
23 0.187042 0.528646 0.053441 0.083333
19 0.594802 0.917318 0.081259 0.097656
17 0.165813 0.651042 0.073939 0.046875
21 0.292094 0.951172 0.035139 0.055990
19 0.557101 0.330729 0.079063 0.093750
16 0.508785 0.961589 0.029283 0.045573
17 0.885066 0.927083 0.071742 0.044271
19 0.268668 0.195964 0.090776 0.082031
25 0.882504 0.259766 0.062225 0.087240
16 0.146779 0.436198 0.027086 0.044271
16 0.981698 0.595052 0.024890 0.044271
23 0.524524 0.551432 0.054905 0.087240
17 0.052343 0.653646 0.079795 0.072917
0 0.142387 0.313151 0.046120 0.108073
21 0.703880 0.473958 0.037335 0.057292
16 0.928258 0.376953 0.019034 0.058594
